1110
1
2
3
4
5
6
7
0
1
2
3
4
5
6
7
0
1
2
3
4
5
6
7
0
1
2
3
4
5
6
7
0
1
2
3
0
1
2
3
4
5
6
7
0
1
2
3
0
1
2
3
0
1
2
3
4
5
6
7
0
1
2
3
0
1
2
3
4
5
6
7
8
9
10
11
0
1
2
3
4
5
6
7
8
9
10
11
0
1
2
3
4
5
6
7
8
9
10
11
0
1
2
3
4
5
6
7
8
9
10
11
0
1
2
3
4
5
6
7
0
1
2
3
0
1
2
3
4
5
6
7
0
1
2
3
0
1
2
3
4
5
6
7
0
1
2
3
4
5
6
7
8
9
10
11
12
13
14
15
0
1
2
3
0
1
2
3
4
5
6
7
8
9
10
11
0
1
2
3
4
5
6
7
0
1
2
3
4
5
6
7
0
1
2
3
4
5
6
7
8
9
10
11
0
1
2
3
4
5
6
7
8
9
10
11
0
1
2
3
4
5
6
7
8
9
10
11
0
1
2
3
4
5
6
7
8
9
10
11
0
1
2
3
4
5
6
7
8
9
10
11
12
13
14
15
0
1
2
3
0
1
2
3
4
5
6
7
0
1
2
3
0
1
2
3
4
5
6
7
0
1
2
3
0
1
2
3
0
1
2
3
4
5
6
7
0
1
2
3
0
1
2
3
4
5
6
7
0
1
2
3
4
5
6
7
0
1
2
3
4
5
6
7
0
1
2
3
4
5
6
7
2015-12-08 17:10:172015-12-08 17:24:01